-8.37583
2.081785
-16.23915
-1.102354
-17.1061
8.655123
-3.546268
-14.80073
-0.2568302
20.53404
-4.269404
4.339798
-4.470411
5.637129
32.56359
-4.943507
11.82689
-8.985896
0.6480808
-9.425012
-13.42229
16.69044
17.40274
-13.76545
-8.220011
4.497303
-16.86235
9.339924
0.5565014
8.946075
-15.38939
-11.41622
-8.286284
-13.83842
6.708296
22.3933
-2.457055
-12.18285
-8.395334
-17.51607
-8.152311
-10.6872
8.993361
12.32435
1.878126
12.70352
25.50364
-1.902575
-11.92118
-10.95148
17.41548
37.49346
-5.973789
0.472126
8.021141
-8.701603
-7.471963
-9.004313
17.47287
-8.550093
18.5962
-15.1056
134.3108
