37.6175
25.61183
41.34139
37.61681
13.84104
23.19988
25.0643
13.34461
28.10616
35.9394
34.60127
20.11726
37.99685
21.53702
31.15579
35.13989
34.07231
24.21611
28.90103
27.85095
34.439
23.46799
23.02716
33.91775
16.29828
24.51842
32.93528
25.01315
36.60641
22.13245
29.47237
17.76642
37.69114
47.72429
31.17225
46.65872
21.23256
28.16059
19.64513
40.69683
37.44307
28.49589
22.9769
22.20334
29.89701
22.53571
20.71953
24.91231
31.22904
26.92161
20.6481
42.40725
31.24207
13.45099
25.40518
73.68556
27.96186
25.128
30.8138
30.75215
40.31001
22.90727
68.267
