9.409857
3.37676
10.6456
12.42021
-13.5218
-6.765419
-5.208433
-16.79826
1.636358
5.620588
4.13344
-6.092216
8.466722
-6.792246
1.289986
3.641066
5.164667
-6.315933
-2.080467
-0.879303
6.858305
-3.914341
-6.360804
5.13212
-12.2349
-2.641577
4.240156
-7.766775
7.200117
-8.160818
4.153353
-12.02198
4.836531
18.86932
0.0307579
13.33517
-9.932735
1.459101
-11.35229
10.33116
4.772238
-4.100039
-8.112759
-8.220467
0.1370392
-6.544949
-8.531498
-5.382982
-0.8318501
0.6486168
-10.76348
11.26879
1.440271
-18.07781
-2.777399
52.85404
-0.8773746
-0.2702255
0.8069363
0.5030022
15.67599
-6.802191
39.26502
