51.23991
63.03533
111.2431
59.62455
27.92259
50.4546
47.3939
25.14346
42.33575
63.04354
69.39935
37.6056
67.39989
57.17329
50.55888
86.4702
54.78292
50.00268
44.71171
39.86813
60.61571
50.74648
39.23038
70.02706
33.29781
43.25563
39.92904
57.74954
50.79631
42.34556
46.63353
37.35911
57.46775
78.5612
51.23777
98.06772
31.32661
42.03484
38.99113
94.201
48.6372
36.25951
37.86816
45.69646
57.62822
41.74733
43.42979
36.98808
43.37877
65.90179
37.81523
74.97712
62.01199
21.12541
38.54922
131.6686
39.64785
44.89338
47.09957
62.82983
72.38699
47.78738
152.237
