-0.8107758
10.98464
59.19238
7.573856
-24.1281
-1.596092
-4.656792
-26.90723
-9.714943
10.99285
17.34866
-14.44509
15.34921
5.122597
-1.49181
34.41951
2.732235
-2.048012
-7.338982
-12.18256
8.565018
-1.304207
-12.8203
17.97637
-18.75288
-8.795055
-12.12165
5.698853
-1.254375
-9.705128
-5.41716
-14.69158
5.417057
26.51051
-0.8129196
46.01703
-20.72408
-10.01585
-13.05956
42.15031
-3.413494
-15.79118
-14.18253
-6.354225
5.577526
-10.30336
-8.620903
-15.06261
-8.671921
13.8511
-14.23546
22.92643
9.961296
-30.92528
-13.50147
79.61787
-12.40284
-7.157307
-4.951118
10.77914
20.3363
-4.263309
100.1863
